50
13
9154
73332181
5
2
97221254
9948
715521
574692479
594366
53
3996
48
23
6
9277443315
5
19
1
231
29
3
48171
986874
28
12
3143539749
2
341
862
69
273
7816739
32426
5565
385319
348
658786219
6
222637333
147123373
38316899
7
58
68
1
69
14
598
281
35254743
388
2318358
541
33381314
3
4384266223
9355
7819788788
6
3254
36
5
4848
2
76
96
49
11
39717
21
595
6978452
752388
8
2
55173938
54
35
675
7
7635876987
144
466
39
65343
8114748
1
2
3519
7
14
46
937982
9
1
92511
9
5127
67895
137
651794
8
275
48127116
72
1
5
2
6
3
11
8
99
86379
6491
493716
31971
4
493496
89
734615
56563
14
9355
9
2611
8359
97132
46
89
6
887
1
74
815
9864
8
5
5215636179
5
9669
2999
545528
5
1
7
494
473
4
6
62
41626
8485787336
68
9
35
10
18
18691
79
3127
741
88
8
1
6
74476494
14
8211547453
2894561
53
44477
3
4
4896
6672
84181
415
62
37
9971457
94
13
2
82
4
2
1
1
5
629589678
9513
9
72
88
37395
1
3
14
7
363168986
895
4
484
4124965
76
7358
864
7
44178
9
81
75787
8
89146239
777
545783697
95764
516913114
3551837921
4
326
13
174
2784
7
6
7
3
2
61
2
3
14625
2251438
848
3
8
77
76
7
1
5
92
55997647
5819
3
3
5
5
78
4
8696
222982124
14
3
15
512
266
63
729
4
34
14
2
328
8184
6
36958
8
9
6725555897
623
7
7
38
1
8527983
16
685
4525
5799248
486
44
941322438
6
38
642
41
2318174688
77
1
49
818
1961
3
6572673153
731
621
5
598
928232571
96
45
87
12
4966
76
6665
73
232939
1
1
4994
6545847566
54
665158
7763
3
774
251174
1221
6
28379815
41
3
9682491
8
922155
3
5
8
23
1
49
3
7
1
34787494
14
5
3
116
3816132383
3
45
7843445238
1
5
6571254163
56387
33
26255
84943
1
63
16
3
77
353
54156
14
418962
45
21
979
696
91
5212773
999753731
13217416
739864631
44775
13
8678
68
234477
145733
81889
4467632778
6
65949811
4
958
6715492162
9
8544732383
8
49
145
1
6597
7723462673
836
41
18
2
96719
882188642
1
7958
10
921
83
2128
814721
1459487291
717
1721
683
2
55447
1
767
11
52
95
644
4397693
6674
9
8
2181
6
69795
14321313
